-4.067294015422917
-3.8016103169855446
-2.434062408747881
-1.5646426989860598
-0.7535307638097639
-0.5051010456012117
-0.4093316969020361
-0.34242740890891993
-0.28335472653372723
-0.12053191640109438
0.12704271833692973
0.21876307365541064
0.2764931950675308
0.3970999215835488
0.5315797780513174
0.7441022060576922
0.8166502225437248
1.0707394745263723
1.1692962355107839
1.2922151503520942
1.3626250141932328
1.4660022083498199
1.5559537928756815
1.5989157436940036
1.6544082635010022
-4.377283054383019
-4.163355909813429
-4.017486661175595
-3.9592866434264
-3.9485461557218193
-3.937805668017239
-3.894843717198917
-3.8518817663805947
-3.813395018772515
-3.765957864743951
-3.7498471331870804
-3.7337364016302095
-3.374927660909046
-3.014645832464512
-2.378505142245145
-2.152110083066528
-1.8917924847747691
-1.792393249027286
-1.746746176282819
-1.637551217952917
-1.5708706901203133
-1.5084416053374392
-1.4674934959637262
-1.4567530082591458
-1.0148266912477613
-0.7380353726943011
-0.6476362678474157
-0.6136247234495773
-0.5350849071098325
-0.5008496025514821
-0.47936862714232115
-0.43036515199017267
-0.40418521321025774
-0.3934447255056773
-0.34242740890891993
-0.2914100923121626
-0.2752993607552919
-0.2296522880108248
-0.08756458608564581
-0.04437887510681134
-0.012157411993069878
0.03080453882525208
0.11911521550735778
0.1650606351325082
0.18117136668937894
0.19728209824624968
0.20802258595083015
0.21876307365541064
0.25232709773222467
0.27783575603060334
0.29931673143976434
0.3351183571216991
0.3834505517923113
0.4255174619685851
0.4443133154516009
0.4631091689346168
0.5168116074575192
0.5624586802019863
0.5839396556111472
0.6938804811427562
0.7557874588844351
0.7826386781458864
0.7987494097027571
0.8148601412596278
0.8363411166687887
0.9537704489055349
1.0081889199420766
1.040410383055818
1.086952496442334
1.1155937969878815
1.1370747723970425
1.1531855039539132
1.1639259916584936
1.1746664793630741
1.2247887553177828
1.2552201371474279
1.2767011125565888
1.3142928195226207
1.3357737949317816
1.346514282636362
1.3572547703409426
1.367995258045523
1.4181175340002317
1.4628695661026512
1.4861406227959084
1.4968811105004889
1.5183620859096498
1.545213305171101
1.5613240367279717
1.5720645244325524
1.5828050121371329
1.5935454998417133
1.6042859875462938
1.6203967191031645
1.6365074506600352
1.6472479383646157
1.6579884260691962
1.6740991576260669
1.6902098891829378
-4.52047712599073
-4.234088982775307
-4.174096397518009
-4.163355909813429
-4.152615422108848
-4.080654154488159
-4.029099813506173
-3.9901655455770686
-3.9700271311309803
-3.9592866434264
-3.9485461557218193
-3.9270651803126584
-3.9109544487557875
-3.894843717198917
-3.878732985642046
-3.862622254085175
-3.8518817663805947
-3.8304007909714337
-3.7963892465735953
-3.765957864743951
-3.7498471331870804
-3.7337364016302095
-3.485222773361466
-3.352449088117602
-3.287111121248071
-3.089530899515892
-2.9939853109772283
-2.9604212869004143
-2.4653524228733836
-2.3790923898899954
-2.342843243887036
-2.326732512330165
-2.2998812930687142
-2.0982286364152154
-2.058220319715653
-2.0394244662326373
-1.9633460116585253
-1.9293344672606871
-1.9132237357038164
-1.8716043458485672
-1.8434105656240434
-1.832670077919463
-1.8219295902148824
-1.8111891025103017
-1.8004486148057213
-1.7843378832488506
-1.7574866639873994
-1.7360056885782384
-1.6823032500553359
-1.6500817869415945
-1.639341299237014
-1.6286008115324335
-1.617860323827853
-1.6071198361232726
-1.5910091045664019
-1.5748983730095312
-1.5641578853049507
-1.55341739760037
-1.5426769098957895
-1.5185108125604836
-1.4943447152251774
-1.4782339836683067
-1.3916388015501264
-1.2106168316958432
-1.11305740171257
-1.0539847193373773
-0.9378531960316008
-0.8512580139134206
-0.7908427705751554
-0.7693617951659943
-0.7586213074614139
-0.7425105759045432
-0.7129742347169468
-0.67269740582477
-0.6404759427110285
-0.629735455006448
-0.6189949673018675
-0.6082544795972871
-0.5350849071098325
-0.5115900902560626
-0.5008496025514821
-0.4901091148469017
-0.47936862714232115
-0.43036515199017267
-0.3719637500965163
-0.3504827746873553
-0.3343720431304846
-0.3128910677213236
-0.2967803361644529
-0.28603984845987235
-0.2752993607552919
-0.25113326341998576
-0.22696716608467968
-0.21085643452780894
-0.11463956550760891
-0.06048960666368208
-0.04437887510681134
-0.028268143549940613
-0.012157411993069878
0.003953319563800856
0.014693807268381346
0.025434294972961836
0.03617478267754232
0.046915270382122815
0.06302600193899355
0.09882762762092831
0.12209868431418625
0.13283917201876672
0.1435796597233472
0.1543201474279277
0.1650606351325082
0.17580112283708868
0.18654161054166918
0.24292917099071676
0.2617250244737326
0.2724655121783131
0.2832059998828936
0.29931673143976434
0.3207977068489253
0.33690843840579604
0.3476489261103765
0.36375965766724727
0.3852406330764082
0.401351364633279
0.4174620961901497
0.43357282774702044
0.45505380315618144
0.47116453471305214
0.5007008759006485
0.53292233901439
0.5517181924974058
0.5624586802019863
0.5731991679065668
0.6362995331709772
0.7110354267820168
0.7343064834752742
0.7450469711798546
0.7557874588844351
0.7665279465890156
0.777268434293596
0.7880089219981766
0.7987494097027571
0.8094898974073376
0.820230385111918
0.8309708728164985
0.841711360521079
0.8864633926234974
0.9383757498623034
0.970597212976045
0.9813377006806254
0.9920781883852059
1.0028186760897864
1.0135591637943668
1.0242996514989473
1.0350401392035278
1.0457806269081082
1.0565211146126887
1.0726318461695596
1.0887425777264303
1.0994830654310108
1.1102235531355913
1.1209640408401718
1.1317045285447522
1.1424450162493327
1.1531855039539132
1.1639259916584936
1.2068879424768157
1.2283689178859767
1.2391094055905572
1.2498498932951376
1.260590380999718
1.2713308687042986
1.282071356408879
1.30355233181804
1.3250333072272011
1.3357737949317816
1.3572547703409426
1.367995258045523
1.4002167211592644
1.4216976965684254
1.4324381842730058
1.4485489158298768
1.4646596473867475
1.475400135091328
1.4861406227959084
1.5183620859096498
1.5398430613188108
1.5505835490233912
1.5613240367279717
1.5935454998417133
1.6203967191031645
1.6365074506600352
1.6472479383646157
1.6579884260691962
1.6687289137737766
1.679469401478357
-4.5768646864397775
-4.5446432233260365
-4.496311028655424
-4.464089565541682
-4.295448991235736
-4.221981071867598
-4.18483688522259
-4.163355909813429
-4.128449324773542
-4.101598105512092
-4.072061764324495
-4.0559510327676245
-4.045210545063044
-4.029099813506173
-3.9995634723185765
-3.9807676188355607
-3.9700271311309803
-3.9592866434264
-3.9270651803126584
-3.9109544487557875
-3.894843717198917
-3.8841032294943365
-3.8733627417897556
-3.862622254085175
-3.841141278676014
-3.8304007909714337
-3.8196603032668532
-3.8089198155622728
-3.7981793278576923
-3.782068596300822
-3.7498471331870804
-3.7337364016302095
-3.622639481935955
-3.464469018473969
-3.3685598196744726
-3.357819331969892
-3.3470788442653117
-3.306802015373135
-3.282635918037829
-3.2718954303332484
-3.127346366642436
-3.0517154323893485
-3.0114386034971714
-2.9765320184572848
-2.5267760602518825
-2.4556183647851313
-2.444877877080551
-2.4341373893759704
-2.407286170114519
-2.380434950853068
-2.369694463148487
-2.3589539754439066
-2.348213487739326
-2.3374730000347457
-2.326732512330165
-2.3159920246255847
-2.3052515369210043
-2.294511049216424
-2.2837705615118433
-2.1274964654101973
-2.0689608074202335
-2.0474798320110725
-2.031369100454202
-1.9937773934881702
-1.9561856865221385
-1.9400749549652678
-1.9293344672606871
-1.9185939795561067
-1.9078534918515262
-1.8917427602946555
-1.8756320287377848
-1.8648915410332043
-1.8541510533286238
-1.8434105656240434
-1.832670077919463
-1.8004486148057213
-1.7897081271011408
-1.7789676393965603
-1.7682271516919799
-1.7574866639873994
-1.746746176282819
-1.7360056885782384
-1.7091544693167873
-1.6769330062030456
-1.660822274646175
-1.6286008115324335
-1.5910091045664019
-1.5748983730095312
-1.5641578853049507
-1.5426769098957895
-1.5265661783389188
-1.5104554467820481
-1.4997149590774677
-1.4889744713728872
-1.4178187403300415
-1.3654588627702116
-1.311756424247309
-1.2383630915993427
-1.157809433814989
-1.134538377121731
-1.1237978894171505
-1.11305740171257
-1.1023169140079896
-1.0862061824511189
-1.0700954508942482
-1.0432442316327968
-1.0163930123713456
-0.9559777690330804
-0.9197286230301213
-0.8982476476209602
-0.8660261845072188
-0.828434477541187
-0.8123237459843163
-0.7908427705751554
-0.7586213074614139
-0.7478808197568334
-0.7371403320522529
-0.7210296004953822
-0.7049188689385114
-0.6941783812339309
-0.6834378935293505
-0.67269740582477
-0.6619569181201895
-0.651216430415609
-0.6404759427110285
-0.6189949673018675
-0.6082544795972871
-0.5478392362590218
-0.5223305779606431
-0.5115900902560626
-0.43036515199017267
-0.38270423780109675
-0.3719637500965163
-0.3612232623919358
-0.3504827746873553
-0.3397422869827748
-0.32900179927819434
-0.3182613115736138
-0.30752082386903334
-0.2967803361644529
-0.2591886291984211
-0.2430778976415504
-0.2323374099369699
-0.22159692223238941
-0.21085643452780894
-0.17192216659870466
-0.10076643555585892
-0.07123009436826257
-0.04974911895910159
-0.0390086312545211
-0.028268143549940613
-0.017527655845360122
-0.006787168140779633
0.003953319563800856
0.025434294972961836
0.06302600193899355
0.08450697734815453
0.10061770890502526
0.11135819660960575
0.12209868431418625
0.1650606351325082
0.23487380521228138
0.2509845367691521
0.2724655121783131
0.29394648758747405
0.3046869752920546
0.31542746299663504
0.3261679507012155
0.358389413814957
0.3691299015195375
0.379870389224118
0.39061087692869845
0.4174620961901497
0.4657942908607619
0.4765347785653424
0.49264551012221314
0.5087562416790838
0.5248669732359545
0.5409777047928254
0.5517181924974058
0.6054206310203083
0.6322718502817595
0.6483825818386302
0.6591230695432108
0.7110354267820168
0.7343064834752742
0.7450469711798546
0.777268434293596
0.7987494097027571
0.8094898974073376
0.8309708728164985
0.8721427423507235
0.9007840428962717
0.9168947744531425
0.927635262157723
0.9383757498623034
0.9491162375668839
0.9598567252714644
0.970597212976045
1.0242996514989473
1.0672616023172694
1.0780020900218499
1.0887425777264303
1.1531855039539132
1.1961474547722353
1.2176284301813962
1.2283689178859767
1.2498498932951376
1.30355233181804
1.367995258045523
1.4002167211592644
1.4216976965684254
1.4431786719775865
1.453919159682167
1.5076215982050694
1.5183620859096498
1.5291025736142303
1.5398430613188108
1.5613240367279717
1.5935454998417133
1.6150264752508743
1.6257669629554548
1.6472479383646157
1.6687289137737766
-4.582234930292068
-4.571494442587488
-4.560753954882907
-4.550013467178327
-4.539272979473746
-4.528532491769166
-4.496311028655424
-4.328714668431866
-4.286871518416104
-4.270760786859234
-4.254650055302363
-4.2157157873732585
-4.19557737292717
-4.163355909813429
-4.136504690551978
-4.120393958995107
-4.109653471290526
-4.093542739733656
-4.077432008176785
-4.0666915204722045
-4.0559510327676245
-4.045210545063044
-4.0344700573584635
-4.023729569653883
-4.007618838097012
-3.991508106540141
-3.9700271311309803
-3.9270651803126584
-3.916324692608078
-3.9055842049034974
-3.841141278676014
-3.8304007909714337
-3.8089198155622728
-3.7981793278576923
-3.787438840153112
-3.7766983524485314
-3.7498471331870804
-3.6719785973288714
-3.6370720122889852
-3.603507988212171
-3.5779993299137924
-3.5421977042318575
-3.5189266475385996
-3.417451414746365
-3.3793003073790535
-3.3685598196744726
-3.357819331969892
-3.3202276250038607
-3.2933764057424093
-3.282635918037829
-3.173440959707927
-3.0812517735769447
-3.0570856762416385
-3.046345188537058
-3.024864213127897
-2.9980129938664457
-2.9819022623095752
-2.9711617746049948
-2.6717883596549648
-2.5683934856832265
-2.541542266421775
-2.520061291012614
-2.5093208033080336
-2.498580315603453
-2.4878398278988727
-2.4770993401942922
-2.4663588524897118
-2.4556183647851313
-2.407286170114519
-2.380434950853068
-2.3159920246255847
-2.3052515369210043
-2.294511049216424
-2.2837705615118433
-2.204111944369538
-2.149514465204587
-2.1137128395226523
-2.0904417828293944
-2.079701295124814
-2.0689608074202335
-2.0474798320110725
-2.036739344306492
-2.0259988566019116
-2.015258368897331
-2.0045178811927507
-1.9937773934881702
-1.9830369057835897
-1.9722964180790092
-1.9615559303744288
-1.9508154426698483
-1.8971130041469457
-1.8863725164423653
-1.8004486148057213
-1.7897081271011408
-1.7682271516919799
-1.7574866639873994
-1.746746176282819
-1.7360056885782384
-1.7198949570213677
-1.6984139816122068
-1.6823032500553359
-1.6715627623507554
-1.5963793484186921
-1.5856388607141116
-1.5748983730095312
-1.531936422191209
-1.5211959344866286
-1.440642276702275
-1.4245315451454041
-1.4137910574408237
-1.3923100820316627
-1.3654588627702116
-1.3332373996564701
-1.3063861803950187
-1.2956456926904383
-1.2634242295766969
-1.241943254167536
-1.2097217910537945
-1.1721300840877626
-1.156019352530892
-1.1452788648263115
-1.134538377121731
-1.0862061824511189
-1.0700954508942482
-1.0593549631896675
-1.0432442316327968
-1.027133500075926
-0.9707459396268786
-0.9412095984392822
-0.9304691107347017
-0.9197286230301213
-0.9089881353255408
-0.8982476476209602
-0.8875071599163797
-0.8767666722117993
-0.8660261845072188
-0.8552856968026383
-0.8445452090980579
-0.8338047213934773
-0.8230642336888968
-0.8015832582797359
-0.7908427705751554
-0.7801022828705748
-0.7263998443476725
-0.7156593566430919
-0.6834378935293505
-0.6189949673018675
-0.56260740685282
-0.5330710656652237
-0.4458046030655071
-0.4149257009148382
-0.38270423780109675
-0.2967803361644529
-0.26455887305071135
-0.2538183853461309
-0.2323374099369699
-0.18669033719250283
-0.15715399600490648
-0.1222474109650199
-0.0980813136297138
-0.08197058207284307
-0.07123009436826257
-0.028268143549940613
0.003953319563800856
0.057655758086703306
0.0683962457912838
0.07913673349586428
0.08987722120044477
0.10061770890502526
0.12209868431418625
0.1650606351325082
0.22950356135999114
0.2402440490645716
0.2724655121783131
0.29394648758747405
0.358389413814957
0.41209185233785944
0.42283234004243997
0.4657942908607619
0.4765347785653424
0.4872752662699229
0.4980157539745034
0.5194967293836643
0.5302372170882448
0.5946801433157278
0.6054206310203083
0.6161611187248888
0.6269016064294692
0.6376420941340497
0.6483825818386302
0.6591230695432108
0.6985048577933394
0.7235659957706937
0.7987494097027571
0.8578220920779498
0.8739328236348205
0.884673311339401
0.8954137990439814
0.9061542867485619
0.9168947744531425
1.0887425777264303
1.1854069670676546
1.1961474547722353
1.2068879424768157
1.2283689178859767
1.30355233181804
1.4002167211592644
1.5076215982050694
1.6150264752508743
-4.582234930292068
-4.560753954882907
-4.550013467178327
-4.539272979473746
-4.517792004064585
-4.496311028655424
-4.474830053246263
-4.373690460694797
-4.324463225382137
-4.313722737677556
-4.302982249972976
-4.292241762268395
-4.281501274563815
-4.260020299154654
-4.249279811450073
-4.225113714114767
-4.206317860631751
-4.163355909813429
-4.141874934404268
-4.131134446699687
-4.109653471290526
-4.098912983585946
-4.088172495881365
-4.077432008176785
-4.0559510327676245
-4.007618838097012
-3.991508106540141
-3.9700271311309803
-3.9270651803126584
-3.841141278676014
-3.7552173770393704
-3.74447688933479
-3.693459572738033
-3.6692934754027267
-3.6531827438458557
-3.6370720122889852
-3.612905914953679
-3.594110061470663
-3.5833695737660824
-3.572629086061502
-3.5565183545046315
-3.5404076229477606
-3.52966713524318
-3.5189266475385996
-3.467461810620818
-3.411521770492795
-3.4007812827882145
-3.390040795083634
-3.357819331969892
-3.336338356560731
-3.3255978688561507
-3.3148573811515702
-3.3041168934469898
-3.20790002442679
-3.138981894989065
-3.0946773832076704
-3.067826163946219
-3.0356047008324776
-3.024864213127897
-3.0141237254233166
-2.9980129938664457
-2.9819022623095752
-2.842524544550598
-2.7585001180543007
-2.710704947768918
-2.6865388504336116
-2.6453669808993863
-2.6167256803538383
-2.605985192649258
-2.5952447049446774
-2.584504217240097
-2.5737637295355165
-2.563023241830936
-2.5522827541263555
-2.541542266421775
-2.5308017787171946
-2.520061291012614
-2.5093208033080336
-2.498580315603453
-2.4878398278988727
-2.42339690167139
-2.4126564139668094
-2.401915926262229
-2.3911754385576485
-2.380434950853068
-2.3159920246255847
-2.294511049216424
-2.2318582042730375
-2.1763656844660386
-2.1548847090568777
-2.144144221352297
-2.1280334897954263
-2.1119227582385554
-2.101182270533975
-2.0904417828293944
-2.0474798320110725
-2.0045178811927507
-1.9937773934881702
-1.9830369057835897
-1.8971130041469457
-1.7682271516919799
-1.7574866639873994
-1.7360056885782384
-1.7198949570213677
-1.703784225464497
-1.6930437377599166
-1.4460125205545653
-1.4352720328499846
-1.4245315451454041
-1.4137910574408237
-1.4030505697362432
-1.3923100820316627
-1.3815695943270823
-1.3708291066225018
-1.3600886189179213
-1.3493481312133409
-1.3386076435087604
-1.32786715580418
-1.3171266680995994
-1.3063861803950187
-1.2741647172812773
-1.2526837418721164
-1.2312027664629555
-1.220462278758375
-1.2097217910537945
-1.198981303349214
-1.1882408156446336
-1.1775003279400529
-1.1667598402354724
-1.0915764263034091
-1.0808359385988286
-1.0593549631896675
-1.048614475485087
-1.0378739877805065
-0.9949120369621847
-0.9734310615530237
-0.9626905738484431
-0.9519500861438627
-0.9412095984392822
-0.8982476476209602
-0.8875071599163797
-0.8767666722117993
-0.8338047213934773
-0.7263998443476725
-0.5840883822619809
-0.5599222849266748
-0.5438115533698041
-0.4686281394377407
-0.4525174078808699
-0.4364066763239992
-0.42566618861941874
-0.26455887305071135
-0.2538183853461309
-0.19474570297093818
-0.17863497141406745
-0.16789448370948698
-0.15715399600490648
-0.14641350830032598
-0.13030277674345525
-0.11419204518658453
-0.0980813136297138
-0.028268143549940613
0.057655758086703306
0.07913673349586428
0.4872752662699229
0.5194967293836643
0.5302372170882448
0.5946801433157278
0.6806040449523717
0.7020850203615326
0.7128255080661131
0.8524518482256596
0.86319233593024
0.8739328236348205
0.8954137990439814
0.9168947744531425
1.2928118441134595
1.30355233181804
1.3142928195226207
1.4002167211592644
-4.582234930292068
-4.550013467178327
-4.517792004064585
-4.507051516360005
-4.496311028655424
-4.485570540950843
-4.474830053246263
-4.437238346280232
-4.376375582620942
-4.345944200791298
-4.335203713086717
-4.324463225382137
-4.292241762268395
-4.260020299154654
-4.2331690798932025
-4.217058348336331
-4.141874934404268
-4.109653471290526
-4.012989081949303
-4.002248594244722
-3.9700271311309803
-3.7552173770393704
-3.706885182368758
-3.680033963107307
-3.6692934754027267
-3.658552987698146
-3.6478124999935657
-3.6209612807321143
-3.6048505491752434
-3.5833695737660824
-3.572629086061502
-3.5618885983569215
-3.551148110652341
-3.5189266475385996
-3.502815915981729
-3.46656676997877
-3.433002745901956
-3.411521770492795
-3.4007812827882145
-3.390040795083634
-3.336338356560731
-3.255784698776378
-3.2262483575887813
-3.2074525041057655
-3.196712016401185
-3.1859715286966046
-3.175231040992024
-3.159120309435153
-3.1430095778782827
-3.1322690901737023
-3.1215286024691213
-3.110788114764541
-3.1000476270599604
-3.08930713935538
-3.0785666516507995
-3.0356047008324776
-3.024864213127897
-3.003383237718736
-2.9926427500141557
-2.8752432524654776
-2.8369056782977387
-2.8154247028885777
-2.7885734836271263
-2.7670925082179654
-2.756352020513385
-2.7456115328088044
-2.734871045104224
-2.718760313547353
-2.7026495819904826
-2.691909094285902
-2.6811686065813216
-2.6650578750244507
-2.6435768996152897
-2.6274661680584193
-2.6167256803538383
-2.273030073807263
-2.2569193422503924
-2.235438366841231
-2.2193276352843605
-2.20858714757978
-2.1978466598751996
-2.187106172170619
-2.1763656844660386
-2.165625196761458
-2.1548847090568777
-2.144144221352297
-2.1334037336477167
-2.122663245943136
-2.0045178811927507
-1.7682271516919799
-1.7574866639873994
-1.725265200873658
-1.7145247131690775
-1.703784225464497
-1.4137910574408237
-1.4030505697362432
-1.3923100820316627
-1.3600886189179213
-1.3493481312133409
-1.2849052049858578
-1.2741647172812773
-1.2634242295766969
-1.0915764263034091
-1.0593549631896675
-1.0056525246667651
-0.9949120369621847
-0.9841715492576042
-0.9734310615530237
-0.9626905738484431
-0.8875071599163797
-0.8338047213934773
-0.7263998443476725
-0.5921437480404163
-0.5760330164835455
-0.5652925287789651
-0.5545520410743846
-0.5438115533698041
-0.4686281394377407
-0.4525174078808699
-0.20011594682322845
-0.18937545911864795
-0.16789448370948698
-0.1356730205957455
-0.12493253289116502
-0.10345155748200403
-0.09271106977742355
-0.028268143549940613
0.4872752662699229
0.6698635572477912
0.6806040449523717
0.6913445326569522
0.7020850203615326
0.8954137990439814
1.389476233454684
1.410957208863845
-4.517792004064585
-4.507051516360005
-4.453349077837102
-4.442608590132521
-4.431868102427941
-4.4211276147233605
-4.390696232893716
-4.362054932348168
-4.324463225382137
-4.292241762268395
-4.260020299154654
-4.238539323745492
-4.227798836040912
-4.109653471290526
-3.722995913925629
-3.7122554262210485
-3.701514938516468
-3.6907744508118876
-3.658552987698146
-3.6263315245844048
-3.615591036879824
-3.572629086061502
-3.508186159834019
-3.4974456721294387
-3.478649818646423
-3.454483721311117
-3.4437432336065363
-3.433002745901956
-3.4222622581973754
-3.336338356560731
-3.261154942628668
-3.2504144549240874
-3.2343037233672165
-3.218192991810346
-3.2074525041057655
-3.1644905532874437
-3.153750065582863
-3.1430095778782827
-3.1322690901737023
-3.1215286024691213
-3.110788114764541
-3.0356047008324776
-2.9089564499826324
-2.8637568975591896
-2.853016409854609
-2.8422759221500287
-2.831535434445448
-2.8207949467408677
-2.8100544590362873
-2.799313971331707
-2.7885734836271263
-2.777832995922546
-2.7670925082179654
-2.756352020513385
-2.7456115328088044
-2.7241305573996435
-2.713390069695063
-2.6650578750244507
-2.64894714346758
-2.6382066557629997
-2.273030073807263
-2.2622895861026824
-2.251549098398102
-2.2408086106935214
-2.230068122988941
-2.144144221352297
-2.1334037336477167
-2.122663245943136
-1.725265200873658
-1.2849052049858578
-1.0056525246667651
-0.5975139918927066
-0.586773504188126
-0.5760330164835455
-0.5652925287789651
-0.5545520410743846
-0.4578876517331602
-0.4471471640285797
0.4872752662699229
0.6698635572477912
0.7020850203615326
1.3787357457501035
1.389476233454684
1.4002167211592644
-4.453349077837102
-4.442608590132521
-4.40501688316649
-4.3889061516096195
-4.378165663905039
-4.367425176200459
-4.356684688495878
-3.658552987698146
-3.572629086061502
-3.508186159834019
-3.486705184424858
-3.4705944528679873
-3.4437432336065363
-3.2504144549240874
-3.2343037233672165
-3.218192991810346
-3.1644905532874437
-3.1430095778782827
-2.9089564499826324
-2.8637568975591896
-2.8422759221500287
-2.7670925082179654
-2.7241305573996435
-2.670428118876741
-2.6596876311721607
-2.64894714346758
-2.6382066557629997
-2.273030073807263
-2.2622895861026824
-2.1334037336477167
-2.122663245943136
-0.5975139918927066
-4.453349077837102
-4.442608590132521
-4.41038712701878
-4.3996466393141995
-4.367425176200459
-3.508186159834019
-3.486705184424858
-3.4759646967202777
-3.4652242090156973
-3.4437432336065363
-3.239673967219507
-3.2289334795149265
-2.9443105553435434
-2.9080614093405845
-2.8744973852637705
-2.8637568975591896
-2.2622895861026824
-2.1334037336477167
-4.453349077837102
-4.41038712701878
-3.4759646967202777
-3.4437432336065363
-2.949680799195834
-2.9389403114912533
-2.928199823786673
-2.9174593360820924
-2.9013486045252215
-2.885237872968351
-4.453349077837102
-2.949680799195834
-2.9389403114912533
-2.9174593360820924
-2.906718848377512
-2.8959783606729315
-2.906718848377512